Austria 68 88 [57 - 130] 140 [88 - 210] 280 [140 - 560] 140 [34 - 380] 
Belgium   289 310 [230 - 420] 510 [370 - 730]  1,100 [590 - 2,100] 560 [160 - 1,500] 
Denmark   52 61[38-92] 93 [58 - 140]    160 [84 - 310] 69 [15 - 200]  
France 1,995 1,900 [1,500 - 2,500] 3,100 [2,300 - 4,200] 5,600 [3,600 - 8,500] 2,500 [1,000 - 4,800] 
Germany   325 320 [240 - 410] 570 [400 - 810]    1,100 [570 - 2,400] 550 [91 - 1,800]  
Italy 9,136 10,000 [8,200 - 13,000] 14,000 [11,000 - 19,000] 52,000 [27,000 - 98,000] 38,000 [13,000 - 84,000] 
Norway 16 17[7-33]   26[11-51]  36[14-81]   9.9 [0.82 - 38]  
Spain 4,858 4,700 [3,700 - 6,100] 7,700 [5,500 - 11,000] 24,000 [13,000 - 44,000] 16,000 [5,400 - 35,000] 
Sweden 92 89 [61 - 120]  160 [110 - 240] 240 [140 - 440]  82 [12 - 250] 
Switzerland 197 190 [140 - 250]   310 [220 - 440]  650 [330 - 1,500]   340 [71 - 1,100]  
United Kingdom 759 810 [610 - 1,100] 1,500 [1,000 - 2,100] 1,800 [1,200 - 2,900] 370 [73 - 1,000]
All 17,787 19,000 [16,000 - 22,000] 28,000 [23,000 - 36,000] 87,000 [53,000 - 140,000] 59,000 [21,000 - 120,000]
